[[3.96823287e-01 4.33765143e-01 1.00000000e+00 9.47835326e-01]
 [1.16981611e-01 8.06458056e-01 2.56113589e-01 9.09223258e-01]
 [9.13761079e-01 3.40807945e-01 9.91691291e-01 4.19510275e-01]
 [8.90039682e-01 3.32670748e-01 9.89491463e-01 3.85772526e-01]
 [1.01487368e-01 7.87861764e-01 3.04719985e-01 9.19577897e-01]
 [1.82672381e-01 2.04757661e-01 8.83912802e-01 8.21946859e-01]
 [9.32875633e-01 8.58222663e-01 9.97640133e-01 1.00000000e+00]
 [4.50155169e-01 8.96383286e-01 5.63895643e-01 9.76493835e-01]
 [9.47270632e-01 8.01612973e-01 9.98802662e-01 1.00000000e+00]
 [3.46079141e-01 6.11038327e-01 1.00000000e+00 1.00000000e+00]
 [4.89046752e-01 9.31520522e-01 8.01114261e-01 1.00000000e+00]
 [7.22430348e-01 3.06377083e-01 1.00000000e+00 1.00000000e+00]
 [9.47612941e-01 1.38262242e-01 9.99691904e-01 2.52765298e-01]
 [6.47126257e-01 6.18294239e-01 1.00000000e+00 8.86332273e-01]
 [9.19267535e-03 1.61231235e-01 6.35571852e-02 3.11199665e-01]
 [3.75526492e-03 3.85027319e-01 2.77989656e-02 5.47593057e-01]
 [4.31421638e-01 9.69345272e-01 5.93698025e-01 9.97122228e-01]
 [3.27460557e-01 9.79905963e-01 4.88789052e-01 9.94230270e-01]
 [4.91416544e-01 5.17304301e-01 8.91258836e-01 8.24558377e-01]
 [6.87270522e-01 9.87622380e-01 8.85347724e-01 1.00000000e+00]
 [9.41460788e-01 1.73591420e-01 9.99371111e-01 2.87415206e-01]
 [5.16143620e-01 9.48606730e-01 9.10135686e-01 1.00000000e+00]
 [3.67297262e-01 9.71660972e-01 5.56477249e-01 9.94963646e-01]
 [5.87478757e-01 9.61455286e-01 7.53754497e-01 9.98873293e-01]
 [6.00156665e-01 4.14909780e-01 7.10745573e-01 4.70911443e-01]
 [0.00000000e+00 0.00000000e+00 4.95463431e-01 8.67936671e-01]
 [8.34917605e-01 1.13140605e-01 9.90950406e-01 3.16670924e-01]
 [5.94703794e-01 9.58078682e-01 9.72787738e-01 1.00000000e+00]
 [6.09945595e-01 9.74464655e-01 8.09399903e-01 9.98824358e-01]
 [4.43943590e-01 1.52690858e-01 9.88088131e-01 9.02063608e-01]
 [2.83421695e-01 9.79050219e-01 4.35400784e-01 9.93747652e-01]
 [6.87739551e-01 6.51969373e-01 9.64784443e-01 8.28606784e-01]
 [3.34551930e-01 4.48351726e-03 4.39392269e-01 5.46038672e-02]
 [1.97594345e-01 9.71495271e-01 3.71478975e-01 9.92008090e-01]
 [1.41286060e-01 9.40555573e-01 4.67379510e-01 9.96753693e-01]
 [4.32176739e-01 9.07642126e-01 1.00000000e+00 1.00000000e+00]
 [8.16782773e-01 3.37669045e-01 9.29468453e-01 3.81348699e-01]
 [1.43436313e-01 8.00901890e-01 3.65266562e-01 9.25271034e-01]
 [5.38698137e-02 4.80522752e-01 9.51158643e-01 1.00000000e+00]
 [1.64793402e-01 9.67400908e-01 3.26817423e-01 9.94229436e-01]
 [9.45062876e-01 2.37231925e-01 9.94580865e-01 3.41077775e-01]
 [3.72923374e-01 9.38763976e-01 6.77214861e-01 9.97323871e-01]
 [8.54599655e-01 9.58291769e-01 9.90079343e-01 9.92345214e-01]
 [8.68663251e-01 8.18277836e-01 9.99311030e-01 1.00000000e+00]
 [5.21958828e-01 3.19662899e-01 9.38166261e-01 1.00000000e+00]
 [8.84012520e-01 0.00000000e+00 9.88252223e-01 3.58243398e-02]
 [5.84104300e-01 6.91950228e-03 6.77142978e-01 2.47446038e-02]
 [5.83469309e-03 1.43964723e-01 5.94586954e-02 2.69719839e-01]
 [7.49776721e-01 9.71438050e-01 9.32745576e-01 9.94821668e-01]
 [1.40665993e-01 8.47631574e-01 3.93011928e-01 9.72792625e-01]
 [2.23152161e-01 8.20486844e-01 3.38911176e-01 9.01080787e-01]
 [9.40467358e-01 9.28283989e-01 9.97272134e-01 1.00000000e+00]
 [5.13937235e-01 9.69582319e-01 7.49307275e-01 9.98654127e-01]
 [5.97443990e-03 2.12813959e-01 4.08611521e-02 3.48857760e-01]
 [7.28688300e-01 9.44500864e-01 1.00000000e+00 1.00000000e+00]
 [6.20428562e-01 5.44166028e-01 1.00000000e+00 9.72531736e-01]
 [9.01526749e-01 7.38815591e-02 1.00000000e+00 2.98845172e-01]
 [2.26593733e-01 9.46443260e-01 5.82827806e-01 1.00000000e+00]
 [6.36966527e-03 2.07135752e-01 2.03903541e-01 6.61325693e-01]
 [9.75809991e-02 7.70039916e-01 9.02338982e-01 1.00000000e+00]
 [4.29245412e-01 7.47028172e-01 9.47477281e-01 9.88946140e-01]
 [4.73433584e-01 9.71738636e-01 6.47307277e-01 1.00000000e+00]
 [8.11671734e-01 9.69799519e-01 9.52704549e-01 9.88256335e-01]
 [0.00000000e+00 4.17462885e-01 2.85595022e-02 5.84804118e-01]
 [5.78128733e-03 3.21742803e-01 6.53069094e-02 6.13858342e-01]
 [4.03456450e-01 8.15550447e-01 6.35335922e-01 9.42146301e-01]
 [6.22714818e-01 3.28342259e-01 1.00000000e+00 5.35111010e-01]
 [9.42976773e-01 0.00000000e+00 1.00000000e+00 5.22404872e-02]
 [7.17064142e-01 6.55612946e-01 9.83816981e-01 1.00000000e+00]
 [5.91259003e-01 2.36490130e-01 1.00000000e+00 8.16107035e-01]
 [5.46789169e-03 3.43764037e-01 7.08359659e-01 9.39892411e-01]
 [0.00000000e+00 5.31491458e-01 1.99741088e-02 6.71421230e-01]
 [9.64909494e-01 7.40901172e-01 9.99716580e-01 9.45246637e-01]
 [0.00000000e+00 4.78497088e-01 2.93488968e-02 6.18485987e-01]
 [4.68085051e-01 5.90446115e-01 9.28305864e-01 8.77497911e-01]
 [5.23621738e-01 5.10235310e-01 8.01435888e-01 9.39401507e-01]
 [6.14371479e-01 5.38099229e-01 1.00000000e+00 7.53874123e-01]
 [3.63811851e-04 3.32033277e-01 1.81824118e-02 4.88148332e-01]
 [0.00000000e+00 5.81683159e-01 1.14867855e-02 7.22235441e-01]
 [9.67144191e-01 5.36737919e-01 9.98707235e-01 6.79112792e-01]
 [7.91213810e-02 8.49207282e-01 2.83171386e-01 9.74110126e-01]
 [3.84546697e-01 7.63063669e-01 5.05588233e-01 8.41170907e-01]
 [1.02638572e-01 8.06425154e-01 2.62415916e-01 9.67869222e-01]
 [1.80176884e-01 6.62369013e-01 8.33854079e-01 1.00000000e+00]
 [4.23146188e-01 8.46522331e-01 8.96463573e-01 1.00000000e+00]
 [9.68277872e-01 4.64993954e-01 9.97765601e-01 5.83268046e-01]
 [0.00000000e+00 2.62647897e-01 1.79681182e-02 4.15076584e-01]
 [9.00867641e-01 1.64184719e-01 1.00000000e+00 3.71279448e-01]
 [2.87157714e-01 1.30747892e-02 6.46274984e-01 8.28620642e-02]
 [4.64559406e-01 8.24480176e-01 6.87472284e-01 9.39004183e-01]
 [0.00000000e+00 4.85568106e-01 4.84576732e-01 9.09672916e-01]
 [6.35649860e-01 7.50144124e-01 1.00000000e+00 9.49725032e-01]
 [5.16087472e-01 1.05271637e-02 6.16216123e-01 2.56767124e-02]
 [2.57386416e-02 9.43363369e-01 3.49809945e-01 9.94859874e-01]
 [4.66362357e-01 1.54225146e-02 5.61265826e-01 3.30419131e-02]
 [0.00000000e+00 6.47836685e-01 1.56326815e-02 7.84583807e-01]
 [9.62790489e-01 5.08016229e-01 9.95829463e-01 6.37336850e-01]
 [7.94684142e-03 1.48539215e-01 1.33561015e-01 3.60305816e-01]
 [2.34508827e-01 8.93032830e-03 3.74652863e-01 2.78776474e-02]
 [1.52344406e-02 6.52641058e-01 5.92968106e-01 1.00000000e+00]]
